139
1526
1527
1530
1534
1542
1543
1552
1561
1562
1567
1576
160
1605
1613
1615
1628
1629
1630
1635
1654
1660
1666
1670
1674
1684
1691
1694
1697
1705
1712
1718
1734
1736
1738
1739
1749
175
1750
1766
1768
1770
1826
1843
1865
1870
1877
1883
1886
1887
1925
1947
1965
1966
1970
1982
1984
1990
1991
1994
201
2024
2029
2034
2051
2055
2057
2066
2090
2106
2112
212
2140
2148
2165
2166
2172
2175
2221
2229
2239
224
2267
2268
2278
2306
2333
2338
2345
237
2372
2390
2409
2425
2450
2451
2452
2454
2469
2470
2480
2486
2491
2493
2497
2513
2518
2523
2529
2535
2565
2574
2614
2618
262
264
267
2699
273
2735
2739
2740
2761
2766
2780
2789
2802
2845
2850
2855
2860
2883
2946
2969
2984
2991
3011
3012
3013
3017
3023
3030
3033
3045
3052
3070
3071
3074
3079
3107
3124
3136
3152
3178
3212
3276
3292
3315
3328
3331
3428
3437
3438
3455
3462
3470
3536
3537
3548
3550
3551
3577
3587
3609
3610
3616
3624
3631
3641
3646
3649
3662
3671
3672
3681
3697
3705
3738
3746
3781
3782
3786
3809
3813
3821
3822
3823
3829
3847
3859
3870
3883
3890
3893
3901
3906
3919
3962
3963
3970
3991
4011
4020
4033
4058
4130
4161
4166
4167
4209
4299
4321
4327
4329
4368
4379
4402
4433
4441
4478
4499
4510
4560
4595
4618
4643
4732
4856
4912
4937
4996
5013
5018
5019
5023
5034
5046
5048
5049
5060
5064
5112
5143
5162
5190
5205
5212
5216
5225
5237
5260
5261
5290
5301
5311
5317
5323
5324
5336
5346
5352
5353
5399
5419
5441
5456
5480
5485
5500
5509
5537
5556
5575
5585
5587
5645
5717
5739
5746
5771
5782
5800
5819
5835
5845
5861
5867
5870
5877
5882
5901
5934
5941
6002
6003
6010
6024
6046
6065
6108
6109
6134
6140
6146
6164
6166
6187
6190
6202
6208
6217
6220
6222
6228
6231
6244
6248
6251
6276
6291
6321
6360
6387
6389
6393
6400
6405
6408
6417
6418
6427
6445
6447
6457
6462
6468
6469
6493
6496
6506
6508
6509
6513
6518
6521
6553
6585
6590
6598
6608
6614
6622
6642
6647
6707
6733
6737
6738
6752
6759
6767
6794
6797
6805
6820
6823
6825
6829
6834
6875
6882
6904
6995
6998
7003
7007
7022
7058
7073
7075
7081
7085
7100
7101
7174
7195
7219
7253
7292
7298
7343
7354
7383
7400
7488
7496
7497
7500
7538
7546
7552
7573
7577
7588
7593
7596
7602
7608
7641
7647
7654
7656
7659
7665
7667
7697
7715
7722
7729
7734
7741
7742
7743
7750
7771
7774
7781
7782
7783
7819
7822
7838
7845
7846
7866
7909
7941
7945
7974
7983
8000
8001
8003
8009
8021
8023
8048
8058
8059
8061
8080
8089
8093
8094
8154
8157
8179
8208
8231
8242
8263
8265
8285
8303
8313
8318
833
834
8347
837
8383
8388
8398
8416
8421
8430
8436
8438
8464
8470
8480
8482
8494
8506
8507
8535
8555
8570
859
8600
864
8644
8660
8685
8721
8785
8812
8850
8872
8873
8937
8938
8940
8958
9003
9032
9034
9038
9039
9073
9082
9085
9107
9108
9119
9126
9131
9135
9138
9139
9140
9151
9155
9166
9203
9211
9222
9233
9238
9246
9248
9250
9252
9257
9261
9267
9281
9282
9284
9287
9327
9332
9333
9341
9355
9396
9407
9423
9430
9433
9446
9462
9475
9478
9483
9494
9498
9499
9500
9506
9515
9534
9545
9556
9566
9567
9568
9577
9581
9589
9591
9596
9599
9618
9626
9636
9652
9657
9658
9668
9704
9708
9714
9719
9725
9729
9730
9736
9737
9739
9742
9747
9765
9768
9769
9772
9780
9783
9786
9804
9808
9809
9811
9812
9815
9826
9836
9842
9843
9851
9874
9876
9899
9909
9916
9945
9946
9968
9971
9974
