10000
101
104
105
107
108
109
110
111
112
113
114
116
117
118
120
122
124
125
131
136
139
140
143
144
146
151
1518
1519
152
1520
1521
1522
1523
1524
1525
1526
1527
1528
1529
1530
1531
1532
1533
1534
1535
1536
1537
1538
1539
1540
1541
1542
1543
1544
1545
1546
1547
1548
1549
1550
1551
1552
1553
1554
1555
1556
1557
1558
1559
156
1560
1561
1562
1563
1564
1565
1566
1567
1568
1569
1570
1572
1573
1574
1575
1576
1577
1579
1580
1581
1582
1583
1584
1585
1586
1587
1588
1589
159
1590
1591
1592
1593
1594
1595
1596
1597
1598
1599
160
1600
1602
1603
1604
1605
1606
1607
1608
1609
161
1610
1611
1612
1613
1614
1615
1616
1617
1618
1619
1620
1621
1622
1623
1624
1625
1626
1627
1628
1629
1630
1631
1632
1633
1635
1636
1639
164
1640
1641
1642
1643
1644
1645
1646
1647
1648
1650
1651
1652
1653
1654
1655
1656
1657
1658
1660
1661
1662
1663
1664
1665
1666
1667
1668
1669
167
1670
1671
1672
1673
1674
1675
1676
1677
1678
1679
1680
1681
1682
1683
1684
1685
1686
1687
1688
1689
169
1690
1691
1692
1693
1694
1695
1696
1697
1698
1699
170
1700
1701
1702
1703
1704
1705
1706
1708
1709
171
1710
1711
1712
1713
1714
1715
1716
1717
1718
1719
172
1720
1722
1723
1724
1725
1726
1727
1728
1729
173
1730
1731
1732
1733
1734
1736
1737
1738
1739
1740
1741
1742
1743
1744
1745
1746
1747
1748
1749
1750
1752
1753
1756
1757
1758
1760
1761
1762
1763
1764
1765
1766
1767
1768
1769
1770
1771
1772
1815
1817
1818
1821
1823
1826
1829
1831
1832
1833
1834
1837
1840
1841
1842
1843
1845
1846
185
1854
1864
1865
1866
1867
187
1870
1875
1877
1878
1881
1882
1883
1884
1886
1887
1888
1889
1890
1891
1892
1893
1895
1896
1897
19
1902
1904
1907
1909
1911
1912
1915
1916
1917
1918
192
1920
1921
1922
1923
1924
1925
1929
193
1931
1933
1934
1936
1937
1938
1943
1944
1945
1947
1949
1955
1957
1958
196
1960
1964
1965
1966
1968
1970
1975
1976
198
1982
1984
1986
1989
1990
1992
1995
1998
1999
20
2002
2003
2004
2006
2009
201
2011
2012
2016
2017
2019
202
2020
2023
2024
2025
2027
2028
2029
2030
2031
2034
2035
2038
2040
2041
2043
2047
2048
2051
2052
2053
2055
2056
2057
2059
2066
2069
207
2070
2071
2073
2079
2087
2090
2092
2093
2094
2097
2098
2099
21
2100
2101
2106
2108
2110
2112
2117
2118
2119
212
2120
2122
2123
2125
2127
2128
2129
2135
2136
2138
2140
2145
2148
2151
2154
2158
2161
2164
2165
2168
2171
2172
2173
2175
2180
2181
2186
2188
2190
2191
2193
2196
2198
2200
2201
2205
2207
2208
2209
2213
2214
2215
2216
2219
2221
2229
2232
2238
2239
224
2240
2241
2245
2246
2248
2249
2250
2251
2252
2253
2254
2255
2256
2260
2261
2264
2265
2266
2267
2268
2269
2272
2273
2275
2278
2279
2280
2281
229
2292
2295
2296
2298
23
230
2301
2305
2306
2308
2309
2310
2311
2312
2313
2314
2315
2317
2318
232
2322
2325
2326
233
2330
2331
2333
2334
2336
2338
2344
2345
2347
235
2350
2353
2354
2355
2360
2362
2364
2366
2367
2369
237
2370
2372
2373
2374
2377
2378
2382
2386
2389
2392
2394
2395
2396
2398
2399
2403
2409
241
2411
2412
2413
2414
2417
2418
2419
2423
2424
2425
2426
2428
2429
2430
2432
2434
2435
2437
2440
2441
2443
2444
2446
2447
2448
2449
2450
2451
2452
2454
2457
246
2462
2463
2464
2465
2466
2468
2469
2470
2472
2473
2474
2476
2477
2478
2480
2483
2486
2487
2488
2489
249
2491
2493
2494
2495
2496
2497
2499
25
2500
2501
2503
2505
2506
2508
2509
2510
2512
2513
2517
2518
2519
2520
2521
2523
2524
2529
2530
2535
2536
2537
2538
2539
2543
2544
2548
2553
2555
2556
2557
2558
2559
2563
2564
2570
2573
2574
2575
2576
2577
2578
2579
2586
2587
2588
2590
2592
2593
2597
260
2601
2602
2612
2613
2614
2615
2616
2618
262
2620
2621
2627
2628
2633
2635
264
2641
2643
2644
2647
2648
2649
2650
2651
2652
2653
2656
2659
266
2661
2664
2666
2668
2669
267
2672
2673
2675
2676
2677
268
2682
2685
2686
2688
2689
269
2691
2692
2696
2697
2698
2699
2701
2702
2705
2706
2707
2708
2711
2713
2714
2716
2717
2718
2719
272
2722
2723
2725
2727
273
2731
2734
2735
2736
2737
2738
2739
274
2740
2741
2743
2746
275
2752
2755
2757
276
2761
2763
2764
2765
2766
2769
277
2772
2773
2774
2775
2777
2778
2780
2785
2787
2788
2789
2790
2792
2793
2794
2795
2796
2797
2798
2799
280
2801
2802
2804
2806
2809
2813
2817
2818
2819
2821
2822
2823
2826
2827
2829
2833
2834
2836
2839
2841
2842
2845
2847
2848
2849
2850
2851
2852
2854
2855
2857
2859
2860
2861
2862
2868
2869
2875
2876
2877
2878
2879
2883
2884
2886
2887
2890
2891
2896
2897
2901
2902
2903
2907
2908
2909
2911
2912
2913
2915
2919
2920
2925
2928
2929
2931
2934
2937
2938
2939
2940
2945
2946
2948
2949
2950
2953
2955
2956
2958
2960
2962
2967
2969
2970
2976
2978
2979
2983
2984
2986
2987
2989
2990
2991
2993
2996
2999
30
3000
3001
3003
3005
3006
3007
3009
3010
3011
3012
3013
3014
3015
3016
3017
3018
3019
3022
3023
3024
3026
3027
3030
3031
3032
3033
3034
3035
3036
3037
3038
3039
3041
3042
3043
3044
3045
3046
3047
3048
3049
3050
3051
3052
3054
3056
3058
3059
3060
3063
3064
3068
3070
3071
3072
3074
3075
3076
3078
3079
3082
3084
3086
3087
3088
3089
3091
3093
3094
3095
3097
3098
3100
3101
3102
3103
3105
3106
3107
3108
3109
3110
3111
3115
3117
3118
3119
3120
3121
3122
3123
3124
3125
3126
3127
3128
3130
3131
3132
3133
3134
3135
3136
3140
3156
316
3162
3178
3179
3180
3182
3183
3184
3186
3187
3190
3193
3194
3195
3196
3198
3200
3201
3202
3207
3208
3210
3211
3212
3214
3215
3216
3217
3219
3220
3229
3230
3231
3233
3236
3237
3238
3239
3243
3245
3247
3248
3249
3250
3253
3256
3259
326
3262
3265
3266
3269
3270
3271
3273
3274
3276
3279
3283
3284
3285
3286
3289
3290
3291
3292
3293
3294
3299
3300
3302
3309
3313
3314
3315
3316
3319
3323
3328
3329
3331
3333
3336
3337
334
3341
3342
3343
3344
3345
3348
3358
3359
3372
3373
3409
3410
3411
3412
3413
3414
3415
3416
3417
3420
3426
3427
3432
3434
3441
3442
3444
3445
3446
3447
3448
3449
3450
3451
3452
3455
3458
3460
3462
3466
3468
3471
3473
3477
3480
3483
3484
3485
3486
3487
3489
3491
3493
3495
3498
35
3500
3502
3503
3512
3515
3519
3524
3527
3531
3532
3533
3535
3536
3537
3541
3544
3546
3548
3550
3551
3552
3554
3557
3560
3561
3562
3564
3565
3566
3568
3575
3578
3583
3586
3592
3600
3601
3607
3608
3609
3610
3611
3612
3616
3619
3622
3623
3624
3625
3627
3631
3632
3636
3640
3642
3646
3647
3649
3651
3656
3658
3659
3660
3662
3669
3676
3681
3686
3687
3690
3691
3692
37
3705
3711
3717
3729
3733
3734
3736
3738
3742
3746
3747
3751
3759
3762
3764
3765
3769
3770
3772
3775
3777
3780
3782
3786
3788
3789
3793
38
3802
3803
3808
3809
3811
3813
3821
3822
3829
3832
3833
3836
3840
3844
3846
3847
3850
3851
3854
3861
3865
3867
3868
3870
3874
3877
3878
3881
3882
3883
3884
3885
3887
3890
3894
3901
3906
3907
3910
3911
3912
3913
3915
3919
3920
3921
3922
3926
3931
3933
3939
3940
3943
3945
3953
3954
3959
3962
3963
3966
3970
3975
3976
3977
3979
3980
3983
3992
4
40
4000
4001
4005
4007
4008
4011
4021
4023
4026
4033
4037
4042
4043
4048
4058
4060
4066
4068
4070
4071
4076
4077
4084
4090
4095
4097
41
4114
4118
4119
4121
4124
4125
4126
4128
4130
4133
4134
4135
4136
4147
4148
4151
4153
4155
4157
4158
4159
4163
4165
4166
4167
4172
4178
4182
4186
4188
4189
4190
4192
4193
4195
4200
4204
4209
4210
4214
4217
4225
4228
4234
4237
4238
4241
4242
4248
4262
4263
4267
4269
4271
4282
4294
4296
4299
4310
4318
4319
4321
4322
4324
4327
4328
4330
4331
4335
4336
4338
4340
4341
4342
4343
4353
4354
4358
4359
4360
4361
4362
4363
4366
4367
4368
4369
4370
4374
4375
4378
4379
4381
4382
4383
4384
4385
4386
4391
4393
4394
4396
4397
4398
4399
4400
4401
4403
4404
4405
4408
4410
4411
4412
4413
4414
4415
4417
4418
4423
4425
4427
4438
4441
4445
4450
4453
4455
4457
4458
4460
4466
4467
4468
4477
4481
4482
4483
4484
4486
4492
4495
4498
4499
4500
4501
4503
4506
4510
4512
4513
4514
4515
4517
4519
4520
4524
4525
4529
4530
4531
4535
4537
4538
4540
4541
4549
4553
4558
4559
4560
4562
4563
4564
4565
4566
4567
4568
4569
4570
4571
4572
4573
4576
4577
4578
4579
4582
4584
4585
4587
4588
4590
4593
4595
4596
4599
4607
4610
4612
4613
4614
4615
4618
4623
4627
4630
4631
4632
4633
4634
4637
4638
4643
4646
4649
4650
4652
4654
4655
4656
4659
4662
4663
4664
4665
4666
4668
4669
4670
4671
4672
4674
4675
4676
4677
4679
4680
4682
4684
4685
4687
4688
4690
4695
4696
4697
4698
4699
4700
4701
4702
4703
4704
4705
4708
4709
4710
4712
4713
4714
4715
4717
4718
4719
4720
4721
4722
4723
4727
4729
4730
4732
4733
4734
4735
4738
4740
4741
4742
4743
4744
4745
4746
4747
4748
4749
4755
4756
4757
4758
4760
4761
4763
4764
4765
4766
4767
4769
4770
4772
4774
4776
4777
4778
4779
4780
4781
4782
4784
4786
4787
4788
4791
4793
4795
4796
4797
4799
48
4800
4805
4806
4808
4809
4811
4812
4813
4823
4825
4826
4827
4828
4834
4835
4836
4839
4840
4841
4842
4843
4847
4849
4850
4851
4852
4853
4854
4855
4856
4860
4861
4862
4863
4866
4867
4870
4871
4876
4877
49
4911
4912
4913
4914
4917
4921
4922
4926
4929
4930
4931
4933
4934
4936
4937
4938
4942
4944
4946
4947
4948
4951
4952
4953
4954
4955
4960
4961
4964
4965
4966
4967
4968
4969
4970
4971
4972
4973
4976
4977
4978
4979
4980
4981
4982
4984
4986
4987
4988
4989
4991
4994
4998
4999
5000
5001
5002
5003
5004
5005
5006
5007
5009
5010
5011
5012
5013
5015
5016
5018
5019
5020
5021
5022
5023
5024
5026
5028
5029
5030
5032
5033
5034
5036
5039
5045
5046
5047
5048
5049
5050
5056
5057
5058
5059
5060
5061
5062
5063
5064
5068
5069
5070
5071
5072
5076
5079
5081
5084
5088
5089
5090
5092
5096
51
5102
5105
5107
5108
5109
5110
5112
5113
5114
5115
5116
5119
5120
5121
5123
5124
5125
5127
5129
5130
5131
5132
5134
5135
5138
5139
5140
5142
5143
5144
5146
5147
5149
5150
5151
5152
5153
5154
5156
5157
5158
5159
5160
5161
5163
5165
5170
5171
5172
5173
5174
5175
5177
5179
5180
5181
5184
5188
5190
5191
5201
5202
5203
5205
5206
5208
5209
5210
5211
5212
5213
5215
5216
5217
5220
5221
5223
5225
5226
5227
5231
5232
5235
5238
5239
5243
5254
5257
5258
5260
5261
5265
5266
5271
5272
5279
5281
5282
5283
5290
5294
5295
5296
5297
5301
5302
5304
5307
5311
5312
5313
5314
5316
5317
5318
5320
5322
5323
5324
5325
5330
5331
5332
5334
5336
5337
5340
5341
5342
5345
5346
5347
5349
5351
5353
5355
5356
5358
5359
5360
5361
5363
5365
5366
5367
5369
5370
5373
5374
5375
5376
5379
5383
5384
5385
5387
5388
5390
5392
5393
5394
5397
5399
5400
5402
5404
5405
5406
5412
5413
5414
5415
5417
5419
5420
5421
5422
5423
5425
5427
5428
5431
5432
5438
5442
5443
5446
5447
5448
5449
5451
5453
5455
5456
5457
5458
5461
5462
5466
5469
5470
5471
5473
5474
5475
5476
5477
5478
5479
5482
5483
5486
5489
5491
5492
5494
5497
5500
5501
5502
5503
5506
5507
5509
5511
5513
5514
5516
5518
5520
5523
5524
5528
5533
5534
5537
5538
5539
5540
5542
5543
5544
5545
5546
5549
5550
5551
5555
5556
5557
5558
5559
5560
5563
5564
5566
5568
5571
5572
5574
5575
5577
5579
5580
5584
5585
5587
5589
5591
5592
5595
5597
5599
5602
5603
5604
5605
5606
5612
5613
5614
5620
5621
5622
5623
5624
5625
5626
5627
5629
5630
5631
5634
5635
5636
5637
5638
5640
5641
5644
5645
5646
5647
5648
5650
5651
5652
5653
5654
5655
5656
5657
5658
5660
5661
5662
5664
5665
5666
5667
5669
5671
5674
5675
5677
5678
5680
5681
5682
5683
5684
5686
5687
5688
5689
5690
5691
5692
5693
5694
5695
57
5700
5701
5702
5705
5707
5708
5709
5710
5711
5712
5713
5714
5715
5717
5718
5719
5720
5722
5723
5724
5725
5727
5728
5729
5730
5732
5733
5734
5735
5736
5737
5738
5739
5740
5741
5742
5745
5746
5747
5748
5751
5755
5756
5757
5758
5761
5764
5767
5771
5775
5776
5778
5782
5783
5785
5789
5791
5792
5793
5797
5798
5799
5800
5801
5804
5805
5807
5808
5810
5811
5812
5813
5816
5817
5818
5819
5820
5821
5822
5823
5824
5825
5828
5829
5832
5833
5835
5836
5837
5838
5841
5844
5845
5846
5847
5849
5850
5851
5853
5854
5855
5856
5858
5859
5860
5861
5862
5863
5865
5866
5867
5868
5870
5871
5872
5873
5874
5875
5877
5878
5880
5882
5884
5886
5888
5891
5892
5893
5894
5895
5896
5897
5898
5899
5900
5901
5902
5903
5905
5906
5907
5909
5910
5911
5912
5914
5916
5919
5920
5923
5926
5927
5929
5932
5935
5936
5937
5938
5939
5941
5942
5943
5944
5947
5950
5955
5956
5958
5959
5961
5962
5963
5964
5965
5966
5968
5969
5970
5971
5974
5975
5977
5982
5983
5985
5987
5990
5992
5993
5994
5995
5996
5997
5998
5999
6
60
6001
6002
6003
6006
6009
6010
6012
6013
6014
6015
6016
6017
6018
6019
6020
6021
6022
6024
6026
6027
6028
6029
6030
6031
6032
6033
6034
6035
6036
6038
6039
6040
6042
6043
6045
6046
6047
6049
6051
6054
6058
6059
6060
6063
6064
6067
6068
6069
6072
6074
6075
6076
6078
6079
6084
6085
6086
6087
6088
6089
6090
6091
6095
6096
6098
6102
6103
6107
6108
6109
6110
6112
6114
6117
6118
6119
6121
6123
6124
6125
6126
6127
6128
6129
6130
6132
6134
6135
6136
6137
6138
6139
6140
6142
6144
6145
6146
6152
6154
6155
6157
6158
6159
6163
6164
6168
6169
6170
6172
6173
6174
6175
6177
6178
6179
6180
6181
6182
6183
6184
6185
6187
6188
6189
6190
6191
6194
6195
6196
6197
6198
6199
62
6200
6201
6202
6203
6204
6205
6206
6207
6208
6209
6210
6211
6212
6213
6214
6217
6218
6219
6220
6222
6223
6224
6225
6227
6230
6233
6235
6236
6238
6239
6240
6241
6242
6244
6246
6247
6248
6249
6250
6251
6252
6253
6254
6258
6263
6264
6265
6268
6270
6271
6272
6273
6274
6275
6276
6277
6280
6282
6284
6285
6286
6289
6293
6295
6297
6299
6300
6301
6303
6304
6305
6306
6307
6308
6309
6312
6313
6315
6317
6318
6319
6320
6321
6324
6325
6326
6327
6328
6329
6331
6332
6333
6334
6335
6338
6341
6342
6344
6346
6347
6348
6349
6350
6352
6353
6357
6360
6361
6362
6364
6365
6367
6368
6370
6375
6376
6377
6378
6379
6380
6383
6384
6385
6386
6387
6388
6389
6393
6394
6396
6397
6398
6399
6400
6402
6406
6408
6409
6410
6411
6412
6415
6417
6418
6419
6421
6425
6427
6428
6429
6430
6433
6434
6435
6436
6442
6443
6445
6446
6447
6449
6450
6451
6452
6454
6455
6457
6458
6459
6460
6462
6463
6464
6465
6467
6468
6469
6470
6471
6472
6473
6478
6480
6481
6483
6484
6486
6487
6489
6491
6492
6496
6497
6498
6500
6501
6502
6503
6504
6505
6506
6507
6508
6509
6512
6513
6514
6515
6516
6517
6518
6519
6520
6521
6522
6523
6524
6527
6528
6530
6532
6533
6538
6542
6544
6549
6551
6552
6553
6558
6561
6567
6568
6572
6574
6576
6577
6578
6580
6582
6583
6584
6587
6588
6589
6590
6592
6593
6595
6598
6599
66
6601
6602
6603
6605
6606
6608
6609
6611
6612
6613
6614
6615
6617
6619
6620
6622
6623
6625
6627
6628
6629
6630
6633
6636
6637
6638
6640
6641
6642
6643
6647
6648
6650
6651
6652
6654
6655
6656
6657
6659
6660
6661
6662
6664
6665
6666
6667
6669
6672
6673
6674
6675
6676
6678
6682
6683
6686
6688
6689
6691
6692
6693
6695
6696
6698
67
6701
6702
6703
6704
6705
6707
6708
6710
6711
6712
6713
6714
6719
6720
6721
6722
6723
6724
6725
6726
6728
6730
6731
6732
6733
6734
6735
6736
6737
6738
6739
6740
6741
6742
6743
6745
6746
6747
6748
6749
6751
6752
6753
6754
6755
6756
6757
6758
6759
6760
6761
6762
6763
6764
6765
6766
6767
6768
6769
6773
6775
6778
6779
6780
6781
6782
6783
6784
6785
6787
6789
6790
6791
6793
6794
6795
6796
6798
68
6802
6803
6804
6805
6807
6809
6812
6813
6814
6815
6816
6817
6819
6820
6821
6822
6823
6824
6825
6826
6827
6829
6831
6832
6834
6835
6836
6838
6839
6841
6842
6844
6845
6846
6847
6848
6849
6850
6852
6853
6854
6855
6856
6858
6859
6860
6861
6862
6864
6865
6866
6867
6869
6871
6873
6874
6875
6877
6879
6880
6884
6887
6888
6889
6890
6891
6892
6893
6894
6895
6896
6897
69
6902
6903
6904
6906
6908
6909
6911
6914
6915
6917
6920
6921
6923
6926
6928
6929
6930
6931
6932
6934
6935
6936
6937
6938
6940
6942
6943
6944
6945
6946
6947
6949
6950
6953
6954
6955
6960
6961
6962
6963
6964
6966
6967
6968
6969
6970
6971
6972
6974
6977
6978
6979
6980
6981
6982
6983
6984
6985
6986
6988
6990
6991
6992
6995
6998
6999
7
7000
7002
7003
7004
7005
7006
7009
7010
7011
7012
7013
7016
7017
7019
7020
7022
7025
7026
7027
7028
7031
7032
7034
7038
7039
7040
7041
7042
7043
7044
7045
7046
7048
7049
7051
7052
7053
7055
7056
7059
7060
7061
7062
7064
7065
7067
7068
7069
7070
7071
7073
7075
7076
7078
7079
7082
7083
7084
7085
7086
7088
7090
7092
7094
7095
7097
7098
7100
7101
7102
7104
7106
7108
7109
7110
7111
7113
7114
7115
7116
7117
7118
7119
7120
7121
7122
7123
7127
7129
7132
7133
7135
7138
7139
7141
7142
7143
7144
7145
7146
7147
7148
7151
7159
7160
7162
7163
7164
7166
7167
7168
7170
7171
7172
7173
7174
7175
7177
7178
7179
7186
7187
7189
7190
7191
7192
7194
7195
7198
7199
7201
7202
7206
7209
7210
7211
7213
7214
7215
7216
7217
7219
7220
7221
7223
7224
7225
7226
7227
7228
7229
7232
7234
7235
7237
7238
7239
7240
7242
7243
7244
7245
7246
7247
7248
7249
7252
7253
7254
7255
7257
7258
7261
7262
7263
7265
7267
7269
7270
7271
7272
7273
7274
7275
7276
7277
7279
7281
7290
7292
7295
7296
7297
7298
7301
7303
7304
7308
7310
7311
7312
7313
7314
7315
7317
7318
7319
7320
7322
7324
7325
7327
7328
7329
7330
7331
7333
7335
7336
7338
7341
7342
7343
7344
7349
7350
7351
7352
7353
7354
7356
7357
7362
7363
7364
7365
7367
7368
7371
7374
7375
7376
7377
7379
7381
7382
7383
7385
7388
7390
7391
7397
7398
7400
7401
7402
7404
7405
7406
7407
7411
7414
7417
7419
7421
7424
7425
7426
7427
7429
7430
7432
7434
7435
7436
7437
7438
7439
7440
7442
7443
7447
7448
7450
7452
7453
7456
7457
7458
7460
7461
7463
7464
7465
7466
7467
7469
7470
7472
7473
7474
7476
7478
7479
7480
7482
7484
7485
7486
7487
7488
7490
7494
7495
7496
7497
7499
7500
7503
7504
7505
7506
7507
7508
7509
7510
7511
7517
7524
7525
7526
7529
7531
7533
7534
7536
7538
7540
7542
7543
7548
7552
7555
7557
7558
7559
7560
7565
7566
7567
7572
7576
7577
7578
7580
7581
7583
7584
7586
7588
7589
7592
7593
7594
7596
7597
7598
7599
7601
7602
7603
7605
7607
7608
7609
7610
7611
7612
7614
7615
7616
7617
7619
7620
7621
7622
7624
7626
7628
7630
7631
7632
7633
7636
7638
7639
7640
7641
7642
7650
7651
7652
7653
7664
7666
7667
7668
7671
7672
7673
7674
7676
7679
7680
7682
7683
7684
7687
7688
7689
7690
7691
7692
7693
7694
7696
7698
7699
7700
7703
7704
7706
7707
7710
7711
7712
7714
7715
7718
7722
7723
7726
7727
7728
7729
7733
7734
7735
7739
7740
7741
7742
7743
7744
7745
7746
7747
7748
7749
7750
7751
7752
7754
7757
7758
7761
7763
7764
7766
7768
7769
7770
7771
7772
7773
7774
7775
7778
7779
7780
7781
7782
7783
7784
7785
7786
7787
7788
7789
7790
7792
7794
7795
7797
7802
7803
7804
7805
7806
7807
7808
7810
7811
7813
7814
7815
7816
7817
7819
7820
7821
7822
7823
7824
7825
7827
7828
7829
7830
7831
7832
7834
7835
7837
7840
7841
7842
7845
7846
7849
7852
7855
7858
7859
7860
7862
7865
7867
7869
7870
7871
7872
7873
7875
7877
7878
7879
7880
7881
7883
7884
7887
7888
7889
7890
7891
7892
7895
7897
7903
7904
7906
7907
7908
7909
7911
7912
7913
7915
7916
7917
7921
7922
7925
7926
7927
7928
7930
7932
7934
7936
7937
7939
7940
7941
7942
7943
7945
7946
7951
7952
7953
7954
7958
7960
7961
7962
7963
7964
7965
7966
7967
7968
7969
7971
7972
7973
7974
7975
7976
7978
7979
7981
7982
7983
7984
7986
7987
7988
7989
7990
7991
7992
7994
7996
7997
7998
7999
8000
8001
8003
8004
8008
8009
8011
8012
8013
8014
8015
8016
8017
8020
8021
8023
8024
8025
8027
8033
8035
8036
8037
8038
8041
8042
8043
8044
8045
8047
8048
8051
8053
8054
8055
8056
8058
8059
8060
8061
8063
8064
8065
8066
8067
8069
8070
8071
8072
8074
8078
8080
8082
8084
8085
8086
8087
8089
8090
8091
8092
8094
8095
8096
81
8102
8103
8105
8107
8108
8109
8111
8112
8115
8116
8120
8121
8122
8123
8125
8127
8129
8133
8134
8137
8138
8140
8142
8143
8145
8147
8149
8150
8151
8152
8153
8155
8156
8159
8160
8161
8162
8163
8164
8165
8166
8167
8168
8173
8176
8179
8182
8184
8186
8187
819
8190
8192
8194
8196
8197
82
8200
8201
8204
8205
8207
8208
8210
8211
8213
8214
8215
8219
8221
8223
8224
8228
8229
8230
8231
8232
8233
8234
8239
8240
8242
8243
8247
8248
8249
8250
8251
8252
8253
8254
8255
8256
8257
8258
8262
8263
8264
8265
8267
8269
8273
8280
8281
8284
8285
8290
8293
8295
8296
8297
8298
83
8301
8302
8303
8306
8307
8310
8312
8313
8314
8315
8316
8317
8319
832
8321
8322
8326
8334
8335
8336
8337
8338
8339
8340
8342
8344
8345
8346
8349
835
8350
8351
8353
8354
8355
8356
8357
8358
8359
8362
8363
8364
8366
8369
837
8372
8373
8374
8377
8379
8383
8384
8385
8386
8387
8388
8389
839
8390
8392
8395
8396
8397
840
8405
8406
8407
8409
8411
8412
8413
8422
8426
8430
8432
8433
8435
8440
8441
8442
8443
8444
8446
8447
8449
845
8456
8457
8458
8459
8460
8461
8462
8463
8464
8467
8468
8470
8471
8472
8474
8478
8481
8482
8484
8485
8486
8489
8490
8493
8494
8497
8499
8500
8502
8506
8507
8510
8513
8514
8517
8518
8519
8520
8521
8525
8526
8528
8529
8536
8538
8542
8544
8547
8548
8549
8551
8552
8553
8555
8560
8561
8562
8563
8564
8565
8566
8567
8570
8572
8575
8576
8580
8590
8591
8592
8594
8595
8597
8599
860
8600
8603
8605
8607
8608
8610
8611
8613
8614
8615
8616
8619
8623
8624
8625
8626
8628
8629
863
8630
8632
8633
8634
8636
8637
8641
8642
8644
8648
8649
8651
8652
8653
8655
8659
8660
8661
8662
8663
8664
8665
8666
8667
8668
8671
8673
8676
8677
8678
8680
8682
8683
8684
8685
8686
8687
8689
8690
8691
8692
8693
8695
8696
8698
8699
87
8700
8702
8703
8704
8710
8713
8717
8718
8719
8720
8721
8722
8723
8724
8725
8727
8729
8730
8731
8732
8733
8734
8736
8737
8738
8739
8740
8742
8744
8746
8747
8748
8749
8752
8755
8757
8759
8760
8761
8762
8764
8768
8769
8770
8771
8772
8774
8777
8779
8780
8781
8782
8783
8784
8786
8788
8789
8790
8791
8792
8795
8796
88
8801
8802
8804
8805
8806
8807
8809
8810
8814
8815
8817
8818
8819
8820
8821
8823
8825
8826
8833
8835
8837
8838
8839
8841
8842
8843
8846
8849
8850
8851
8853
8857
8859
8862
8863
8865
8866
8867
8868
8869
8870
8871
8872
8873
8874
8876
8877
8878
8879
8880
8882
8883
8884
8886
8889
8897
8898
8900
8901
8902
8903
8904
8905
8906
8908
8909
8910
8911
8912
8913
8915
8916
8917
8918
8919
8920
8921
8922
8923
8926
8927
8928
8930
8931
8933
8935
8937
8938
8942
8945
8947
8948
8949
8951
8952
8953
8960
8961
8964
8969
8970
8971
8974
8976
8978
8979
8981
8984
8985
8986
8987
8988
8991
8992
8993
8994
8995
8997
9000
9001
9003
9004
9006
9007
9008
9009
9010
9011
9012
9015
9016
9017
9019
9020
9022
9023
9024
9025
9026
9027
9028
9029
9030
9031
9032
9034
9035
9036
9038
9039
9041
9044
9046
9047
9052
9053
9055
9056
9057
9058
9060
9061
9063
9064
9065
9066
9069
9070
9072
9073
9075
9077
9079
9081
9082
9083
9084
9085
9086
9087
9089
9090
9091
9092
9094
9095
9098
9099
91
9101
9102
9103
9104
9105
9107
9108
9109
9110
9111
9112
9114
9116
9118
9119
9120
9121
9122
9123
9124
9128
9129
9132
9133
9134
9135
9139
9140
9141
9142
9143
9146
9147
9148
9149
9151
9152
9153
9155
9157
9159
9160
9161
9162
9163
9164
9166
9167
9168
9170
9171
9172
9173
9174
9176
9177
9178
9179
9180
9181
9182
9184
9185
9186
9188
9189
9190
9191
9192
9193
9194
9197
9198
9199
92
9200
9203
9204
9207
9209
9211
9212
9213
9214
9215
9216
9217
9218
9219
9222
9223
9226
9227
9228
9229
9230
9231
9232
9233
9234
9235
9237
9239
9240
9241
9242
9244
9245
9246
9248
9251
9254
9255
9259
9261
9262
9263
9265
9266
9267
9271
9273
9274
9275
9276
9277
9278
9280
9281
9284
9286
9287
9289
9290
9292
9295
9296
9297
9298
93
9302
9304
9305
9307
9309
9313
9314
9315
9316
9317
9320
9322
9323
9324
9325
9326
9327
9329
9330
9331
9332
9333
9334
9338
9340
9341
9342
9343
9348
9350
9351
9352
9353
9354
9355
9356
9358
9359
9360
9361
9362
9364
9366
9369
9372
9373
9374
9375
9376
9378
9379
9381
9382
9383
9384
9385
9386
9387
9388
9389
9390
9391
9392
9393
9394
9396
9397
9400
9401
9402
9404
9405
9406
9407
9409
9411
9413
9416
9417
9418
9419
9420
9421
9422
9423
9424
9425
9428
9429
9430
9432
9434
9435
9438
9440
9445
9446
9447
9448
9449
9450
9451
9456
9457
9461
9462
9464
9465
9466
9467
9468
9469
9470
9471
9474
9475
9478
9479
9481
9482
9483
9487
9489
9491
9492
9493
9495
9497
9498
9499
95
9500
9501
9503
9505
9506
9507
9512
9515
9516
9517
9518
9519
9523
9524
9525
9528
9530
9532
9533
9534
9536
9537
9538
9539
9540
9541
9542
9543
9545
9546
9547
9549
9551
9552
9553
9554
9555
9556
9557
9559
9560
9561
9563
9564
9565
9566
9567
9568
9569
9570
9571
9572
9573
9574
9575
9576
9577
9578
9579
9580
9581
9582
9583
9584
9585
9587
9588
9591
9592
9595
9596
9597
9598
9599
96
9600
9601
9602
9604
9606
9607
9609
9610
9614
9615
9616
9618
9619
9620
9621
9623
9629
9630
9632
9634
9635
9636
9638
9639
9640
9641
9643
9644
9646
9647
9648
9649
9650
9651
9652
9653
9654
9655
9656
9657
9658
9659
9660
9661
9664
9666
9667
9668
9672
9673
9674
9676
9677
9678
9680
9681
9683
9685
9687
9689
9690
9692
9694
9695
9700
9703
9704
9706
9714
9715
9719
9721
9723
9724
9725
9726
9728
9729
9730
9731
9732
9734
9735
9736
9737
9738
9739
9740
9742
9743
9744
9745
9747
9750
9751
9752
9754
9756
9757
9760
9761
9763
9765
9766
9767
9768
9769
9770
9772
9776
9778
9780
9781
9783
9785
9786
9790
9791
9792
9793
9794
9795
9798
9800
9803
9804
9808
9809
9811
9812
9814
9815
9819
9820
9821
9825
9826
9827
9828
9829
9830
9831
9834
9836
9837
9840
9842
9843
9845
9847
9848
9852
9854
9855
9856
9857
9858
9859
9860
9861
9862
9863
9864
9865
9866
9868
9869
9870
9871
9873
9874
9876
9878
9881
9883
9884
9885
9888
9889
9891
9892
9896
9897
9899
9904
9905
9906
9908
9909
9913
9915
9916
9917
9919
9921
9922
9925
9929
9933
9935
9936
9938
9940
9942
9943
9944
9945
9946
9947
9950
9952
9953
9954
9959
9960
9961
9963
9964
9966
9967
9968
9969
9970
9971
9973
9974
9975
9977
9988
9989
9990
9991
9992
9993
9994
9995
9996
9997
9999
