1604
1767
1887
2009
2078
2129
2345
2369
2746
2802
2855
2920
2946
2984
3533
4203
4225
4307
4441
4599
4643
4680
4685
4730
4789
4835
4856
4942
4961
5060
5065
5096
5167
5188
5211
5297
5336
5509
5537
5555
5798
5813
5849
5873
5968
6044
6108
6182
6231
6336
6364
6425
6492
6508
6571
6629
6696
6699
6755
6775
6780
6823
6824
6832
6929
6952
7
7142
7211
7276
7292
7417
7440
7621
7654
7794
8009
833
8423
8470
8687
8760
8831
8865
8869
8886
8906
8917
8979
9003
9046
9062
9063
9151
9246
9289
9297
9333
9400
9401
9476
9503
9677
9685
9705
9713
9758
9808
9868
