101
102
103
105
106
107
108
109
110
111
112
113
114
116
117
118
119
123
124
125
126
127
128
130
131
132
133
134
135
136
137
138
139
140
142
143
144
147
148
149
150
152
1522
1524
1525
153
1532
1533
1534
1535
154
1542
1546
1548
155
1550
1558
156
1561
1565
1566
1567
157
1571
1574
1577
158
1585
1587
1588
1589
159
1592
1593
1598
16
160
1603
1605
1607
161
1612
1613
1614
1615
1616
162
1628
1629
1630
1633
1634
1635
1639
164
1642
1643
1646
1652
1656
166
1661
1663
1666
1668
1669
167
1673
1677
168
1681
1689
169
1691
1692
1693
1695
1696
1699
17
1700
1705
1708
1709
1710
1711
1712
1714
1716
1717
1718
172
1720
1723
1724
1725
1726
1728
173
1732
1734
1735
1737
1738
1739
174
1740
1741
1743
1745
1748
1749
175
1750
1753
1756
1758
1761
1763
1764
1766
1767
1768
1769
1770
178
180
181
1815
1817
1818
182
1820
1821
1826
1831
1843
1844
1845
185
186
1864
1865
1867
187
1875
1877
1878
188
1882
1883
1886
1887
189
1891
1893
1896
1897
19
190
1907
191
1915
1917
1923
1925
193
194
1944
1946
195
1957
196
1964
1966
1968
197
1970
1976
198
1982
1986
1989
199
1990
1995
1999
2
20
200
2006
2009
201
2012
2020
2024
2029
203
2030
2031
2034
2035
204
2040
2048
205
2051
2055
2056
2059
207
2070
2071
209
2090
2093
2094
2096
21
210
2101
211
2112
2116
212
2122
213
214
2140
2164
2180
2182
219
2192
220
221
2218
222
2221
2229
223
2235
2239
224
2267
227
2270
2273
2278
229
2295
2296
23
230
231
2312
2313
232
2323
233
2333
2338
234
2342
2345
235
2350
236
2362
2369
237
238
2389
239
2394
2396
240
2409
241
2413
242
243
2435
2437
244
2450
246
2460
2466
247
2470
2473
2478
248
2486
2489
249
2491
2497
2499
25
252
2523
2530
2532
2537
2542
255
2552
2565
257
2573
2574
258
2582
2587
259
2590
2592
2597
26
260
2608
261
2614
262
263
264
2643
2647
2656
2664
2668
2669
267
2673
2677
268
269
2691
2696
2697
2698
2699
270
2701
2708
271
2713
272
273
2735
2737
2738
2739
274
2741
2746
275
2751
2752
276
2765
2766
2769
2770
2777
2780
2787
2788
2789
2792
2795
2797
2798
28
2801
2804
2813
2819
2826
2834
2845
2854
2859
2860
2861
2863
2864
2868
2869
2875
2877
2878
2879
2883
2891
2896
2915
2917
2928
2939
2940
2946
2969
2984
2989
2991
3
30
3042
3043
3054
3076
3079
3088
3101
3128
3152
3173
3174
3179
3183
3190
3194
3195
3196
3207
3208
3209
3211
3219
3220
3221
3222
3229
3230
3231
3236
3237
3238
3245
3246
3248
3249
3251
3256
3259
3261
3262
3265
3271
3274
3288
3289
3291
3293
3296
3297
3299
3302
3303
3307
3309
3310
3313
3315
3321
3325
3328
3329
3330
3339
3344
3348
3349
3353
3354
3355
3356
3360
3372
3373
3374
34
3408
3410
3411
3412
3413
3414
3415
3416
3417
3418
3421
3424
3425
3426
3432
3434
3435
3436
3440
3442
3443
3444
3446
3447
3448
3449
3450
3451
3463
3464
3465
3466
3468
3470
3471
3472
3474
3477
3478
3479
3480
3481
3482
3483
3484
3485
3486
3487
3488
3489
3490
3491
3492
3493
3494
3495
3496
3497
3498
3499
35
3500
3501
3502
3503
3504
3505
3506
3508
3509
3510
3512
3513
3514
3515
3516
3517
3518
3520
3522
3524
3525
3526
3527
3528
3529
3530
3531
3532
3533
3536
3537
3538
3539
3540
3541
3542
3544
3545
3546
3548
3550
3551
3552
3553
3554
3555
3556
3557
3558
3559
3560
3561
3562
3564
3565
3566
3567
3568
3569
3570
3571
3572
3573
3574
3575
3576
3577
3578
3579
3580
3581
3582
3583
3584
3585
3586
3588
3589
3590
3591
3593
3594
3595
3596
3598
3599
3600
3602
3603
3604
3605
3606
3607
3609
3610
3611
3613
3617
3620
3622
3624
3625
3626
3627
3628
3629
3630
3631
3632
3633
3634
3635
3636
3639
3640
3641
3642
3643
3646
3649
3651
3652
3653
3654
3655
3656
3657
3659
3660
3661
3663
3664
3667
3669
3670
3671
3672
3673
3675
3676
3678
3679
3680
3681
3684
3685
3686
3687
3689
3690
3691
3692
3693
3694
3696
3697
3698
37
3702
3703
3704
3705
3707
3708
3709
3711
3712
3713
3714
3716
3717
3718
3720
3726
3727
3729
3730
3731
3733
3734
3735
3736
3737
3738
3739
3742
3743
3744
3745
3746
3747
3750
3751
3754
3755
3757
3759
3761
3762
3764
3765
3767
3770
3771
3772
3775
3776
3777
3779
3780
3781
3782
3783
3784
3786
3788
3789
3790
3791
3792
3793
3794
3796
3797
3798
3799
38
3801
3802
3803
3805
3807
3808
3809
3810
3812
3813
3814
3815
3819
3821
3822
3824
3825
3827
3829
3833
3834
3835
3836
3840
3841
3842
3843
3844
3847
3848
3851
3852
3853
3854
3855
3857
3858
3859
3861
3862
3864
3866
3868
3869
3870
3871
3874
3876
3877
3881
3882
3883
3884
3886
3889
3890
3893
3896
3898
3901
3903
3906
3907
3912
3913
3915
3916
3917
3918
3919
3920
3921
3922
3926
3927
3928
3931
3933
3935
3939
3940
3943
3944
3945
3949
3950
3953
3955
3959
3961
3962
3963
3966
3967
3969
3970
3974
3975
3976
3977
3979
3980
3982
3983
3985
3988
3991
3992
3993
3998
4
40
4000
4002
4005
4007
4008
4010
4011
4015
4016
4020
4021
4023
4026
4027
4028
4033
4036
4038
4039
4040
4042
4051
4055
4060
4061
4063
4066
4068
4070
4076
4089
4090
4093
4095
4097
4098
4099
41
4101
4111
4114
4117
4118
4119
4121
4124
4125
4126
4128
4130
4133
4134
4135
4136
4137
4138
4147
4148
4153
4155
4156
4157
4159
4163
4164
4166
4167
4169
4172
4173
4178
4179
4181
4183
4186
4187
4188
4191
4192
4199
42
4200
4201
4204
4206
4207
4209
4210
4212
4214
4216
4219
4221
4223
4225
4227
4228
4229
4231
4232
4234
4235
4236
4237
4238
4239
4241
4242
4243
4245
4248
4249
4252
4253
4254
4258
4260
4262
4263
4264
4267
4269
4275
4276
4278
4280
4288
4290
4291
4292
4294
4295
4296
4298
4299
4301
4307
4308
4309
4310
4311
4312
4313
4318
4319
4321
4323
4326
4327
4329
4330
4359
4368
4378
4379
4383
4385
4433
4479
45
4527
4538
4573
4576
4584
4587
46
4601
4603
4621
4631
4634
4639
4655
4670
4674
4676
4681
4684
4687
4688
4694
4695
4698
4704
4721
4730
4731
4733
4734
4745
4747
4748
4758
4763
4764
4765
4767
4770
4772
4773
4777
4778
4779
4788
4789
4793
4795
4796
4797
48
4804
4806
4808
4809
4819
4822
4830
4835
4853
4857
4866
4868
4870
4871
4872
4873
4874
4875
4876
4877
4878
4879
4880
4881
4882
4883
4884
4885
4886
4887
4888
4890
4891
4892
4893
4895
4896
4897
4898
4899
49
4900
4901
4902
4903
4906
4907
4912
4917
4919
4921
4922
4923
4926
4928
4929
4931
4933
4937
4943
4945
4952
4954
4965
4970
4974
4983
4984
4987
4996
5003
5013
5018
5021
5023
5025
5032
5033
5034
5047
5048
5049
5060
5061
5062
5063
5072
5083
5084
5089
5098
51
5109
5110
5111
5112
5114
5120
5123
5129
5131
5134
5135
5141
5142
5143
5144
5150
5159
5160
5161
5163
5171
5175
5179
5183
5184
5189
5192
5196
5198
5205
5208
5209
5212
5213
5214
5215
5216
5217
5221
5223
5227
5231
5238
5253
5257
5260
5261
5264
5272
5275
5281
5282
5290
5295
5297
53
5307
5311
5317
5318
5322
5324
5325
5330
5331
5332
5337
5340
5341
5345
5346
5349
5351
5352
5354
5356
5358
5360
5361
5363
5367
5368
5369
5370
5372
5373
5374
5375
5376
5379
5382
5383
5388
5390
5391
5392
5397
5399
5400
5404
5411
5412
5413
5414
5415
5420
5425
5431
5437
5442
5444
5446
5447
5455
5456
5458
5462
5466
5467
5471
5476
5478
5479
5480
5482
5483
5485
5486
5489
5491
5492
5494
55
5500
5506
5507
5510
5511
5513
5514
5520
5528
5531
5533
5535
5539
5540
5541
5542
5545
5547
5549
5551
5552
5556
5557
5558
5559
5564
5565
5567
5569
5573
5575
5579
5580
5582
5584
5585
5586
5587
5589
5591
5595
5597
5603
5604
5605
5606
5613
5614
5621
5624
5629
5632
5637
5638
5639
5642
5645
5646
5648
5652
5653
5654
5657
5658
5661
5662
5663
5665
5666
5674
5675
5677
5681
5684
5686
5689
5690
5692
5694
5695
57
5700
5706
5707
5711
5713
5717
5718
5720
5723
5743
5744
5746
5755
5771
5775
5776
5778
5782
5791
5796
5797
5799
58
5805
5810
5813
5817
5818
5820
5821
5822
5829
5832
5833
5835
5837
5849
5850
5853
5854
5855
5856
5859
5861
5862
5866
5867
5868
5870
5872
5873
5875
5877
5880
5882
5884
5887
5891
5893
5894
5896
5900
5901
5902
5903
5905
5907
5909
5917
5919
5920
5932
5935
5937
5941
5942
5943
5948
5956
5958
5959
5961
5962
5964
5966
5969
5970
5971
5974
5975
5980
5983
5994
5997
6
60
6001
6002
6003
6004
6007
6009
6010
6013
6014
6016
6017
6020
6021
6024
6027
6032
6038
6040
6042
6045
6046
6049
6051
6059
6061
6063
6064
6065
6074
6075
6086
6088
6089
6090
6091
6095
6101
6109
6110
6118
6119
6120
6121
6124
6125
6126
6129
6130
6134
6136
6140
6145
6148
6149
6152
6155
6157
6158
6163
6165
6166
6167
6169
6177
6182
6183
6184
6185
6189
6194
6197
62
6200
6208
6211
6212
6219
6220
6223
6224
6228
6233
6235
6236
6238
6243
6244
6247
6248
6258
6263
6264
6270
6271
6274
6277
6284
6285
6286
6289
6293
6295
6297
6300
6302
6303
6304
6305
6308
6312
6313
6315
6318
6321
6325
6334
6336
6341
6344
6346
6359
6360
6364
6370
6372
6375
6376
6377
6378
6379
6380
6385
6387
6389
6390
6393
6399
64
6405
6408
6411
6412
6417
6418
6421
6427
6430
6432
6435
6445
6446
6447
6454
6456
6457
6458
6459
6463
6465
6467
6468
6470
6475
6478
6485
6489
6492
6493
6494
6495
6498
6500
6501
6503
6505
6506
6511
6513
6521
6522
6523
6524
6526
6529
6533
6537
6546
6548
6549
6550
6551
6558
6559
6560
6561
6567
6573
6579
6580
6584
6585
6588
6589
6592
6596
6598
6599
66
6601
6603
6604
6605
6606
6607
6614
6617
6620
6622
6623
6626
6627
6628
6637
6641
6642
6643
6646
6650
6652
6653
6655
6662
6664
6666
6667
6672
6682
6683
6684
6693
6695
6696
6698
67
6700
6704
6707
6710
6712
6716
6720
6722
6724
6729
6731
6733
6735
6736
6737
6738
6739
6745
6747
6748
6749
6750
6752
6753
6754
6757
6758
6759
6761
6762
6763
6765
6766
6776
6777
6781
6782
6784
6785
6789
6790
6792
6794
6796
6797
6798
6801
6802
6803
6804
6805
6808
6812
6814
6816
6819
6820
6821
6822
6824
6825
6834
6836
6841
6845
6847
6851
6853
6864
6866
6869
6870
6871
6874
6875
6877
6890
6892
6894
6895
69
6902
6903
6916
6920
6921
6923
6928
6931
6947
6949
6950
6955
6966
6967
6969
6970
6971
6972
6977
6985
6988
6998
7
7002
7007
7012
7013
7015
7017
7022
7034
7046
7055
7062
7063
7070
7071
7075
7076
7077
7082
7089
7090
7091
7098
7099
7100
7104
7107
7109
7110
7111
7112
7118
7122
7126
7127
7132
7134
7138
7142
7143
7144
7151
7154
7160
7162
7166
7171
7175
72
7205
7206
7208
7211
7213
7214
7220
7221
7229
7237
7238
7241
7243
7245
7246
7247
7248
7249
7252
7255
7256
7257
7262
7265
7269
7270
7273
7279
7295
7305
7310
7313
7315
7317
7322
7329
7330
7341
7342
7343
7350
7353
7356
7357
7358
7362
7363
7367
7368
7374
7376
7379
7382
7386
7388
7391
74
7400
7401
7403
7404
7405
7406
7407
7411
7417
7421
7425
7429
7432
7435
7437
7442
7443
7447
7450
7451
7452
7453
7455
7456
7461
7463
7464
7476
7487
7490
7493
7495
7496
7497
7499
7500
7501
7503
7504
7505
7507
7508
7513
7516
7521
7529
7530
7532
7533
7535
7536
7537
7538
7540
7548
7558
7567
7573
7577
7578
7583
7584
7592
7593
7598
76
7601
7602
7603
7604
7607
7610
7615
7616
7617
7619
7624
7626
7630
7637
7638
7639
7642
7643
7645
7648
7650
7653
7654
7656
7658
7661
7662
7664
7665
7667
7671
7672
7679
7690
7691
7692
7693
7697
77
7706
7711
7715
7718
7722
7728
7734
7742
7743
7747
7750
7761
7763
7768
7769
7771
7775
7780
7783
7795
7803
7804
7807
7809
7813
7819
7821
7823
7824
7828
7829
7831
7832
7834
7838
7841
7845
7846
7855
7857
7863
7873
7879
7880
7885
7892
7894
79
7903
7909
7911
7912
7915
7921
7932
7933
7934
7936
7937
7941
7945
7946
7953
7960
7965
7966
7967
7968
7970
7975
7983
7987
7988
7990
7992
7993
7994
8000
8001
8021
8023
8024
8033
8035
8036
8042
8045
8047
8048
8049
8058
8059
8061
8063
8070
8072
8074
8078
8084
8085
8087
8089
8090
8095
81
8105
8109
8116
8120
8125
8127
8129
8138
8152
8154
8155
8156
8157
8159
8161
8165
8167
8176
8179
8187
8194
82
8207
8208
8210
8219
8221
8223
8224
8231
8234
8242
8245
8250
8256
8258
8265
8280
8285
8293
8295
83
8301
8310
8312
8313
8314
8316
8317
8318
8322
8323
8330
8331
8333
8337
8340
8345
8346
8354
8356
8357
8359
8363
837
8371
8390
8395
8399
8401
8403
8405
8407
8414
8417
8424
8425
8427
8428
8430
8432
8435
8436
8438
8439
8441
8447
8449
8454
8456
8457
8467
8470
8471
8474
8482
8484
8486
8494
8499
85
8506
8507
8514
8518
8521
8528
8531
8535
8536
8548
8549
8552
8555
8563
8570
8575
8576
8590
8591
86
8610
8611
8614
8615
8623
8624
8625
8629
8630
8631
8632
8641
8647
8657
8658
8659
8662
8664
8665
8669
8674
8679
8682
8683
8686
8696
8697
8699
87
8700
8703
8716
8718
8721
8722
8724
8727
8730
8731
8739
8746
8748
8757
8758
8763
8764
8771
8772
8782
8785
8799
88
8804
8805
8809
8812
8815
8820
8821
8825
8843
8849
8850
8853
8857
8859
8869
8872
8873
8878
8884
8886
8900
8911
8912
8914
8915
8916
8917
8919
8922
8927
8933
8947
8953
8964
8969
8977
8985
8991
8992
8993
8994
8997
8999
90
9000
9001
9003
9006
9007
9008
9009
9012
9023
9024
9027
9028
9031
9032
9034
9035
9037
9038
9044
9056
9057
9066
9077
9079
9082
9084
9086
9089
9100
9101
9102
9103
9105
9108
9109
9110
9118
9121
9123
9126
9128
9129
9131
9142
9149
9152
9153
9154
9166
9176
9178
9179
9182
9188
9189
9190
9194
9199
92
9203
9204
9209
9212
9218
9222
9223
9236
9241
9246
9248
9250
9252
9257
9259
9261
9263
9267
9278
9280
9282
9284
9286
9288
9290
9295
9299
93
9314
9324
9327
9331
9333
9334
9340
9341
9345
9348
9351
9353
9355
9359
9361
9369
9375
9376
9378
9382
9384
9389
9390
9393
9395
9398
9399
9400
9404
9406
9423
9424
9429
9430
9433
9434
9436
9438
9442
9446
9447
9449
9453
9454
9456
9457
9460
9462
9464
9468
9470
9475
9478
9479
9480
9481
9487
9492
9494
9495
9497
9498
9499
95
9500
9501
9503
9506
9512
9515
9518
9521
9523
9525
9527
9528
9530
9533
9536
9537
9538
9540
9541
9545
9546
9551
9556
9560
9561
9565
9567
9568
9569
9570
9571
9575
9577
9578
9579
9581
9588
9591
9592
9593
9594
9596
9598
9599
96
9603
9604
9607
9615
9618
9619
9623
9626
9630
9631
9636
9642
9646
9648
9652
9656
9657
9660
9661
9662
9664
9667
9668
9673
9676
9678
9681
9685
97
9704
9710
9717
9723
9726
9727
9728
9729
9730
9731
9734
9735
9738
9742
9744
9745
9747
9751
9763
9765
9769
9770
9772
9782
9785
9786
9790
9797
9798
9800
9805
9808
9809
9811
9813
9819
9825
9826
9830
9845
9852
9861
9862
9867
9869
9873
9876
9888
9896
9899
99
9905
9906
9909
9913
9915
9916
9922
9923
9927
9940
9944
9946
9959
9967
9968
9975
9980
9985
9992
9999
