104
114
116
123
139
14
150
152
1520
1524
1525
1529
1531
1534
1536
1541
1542
1545
1547
1549
1551
1552
1556
1559
1560
1562
1565
1572
1574
1576
1577
1581
1582
1583
1584
1585
1586
1591
160
1605
1607
1609
161
1611
1613
1615
1621
1622
1624
1628
1630
1631
1633
1636
1642
1646
1647
1648
1654
1658
1662
1666
1668
1670
1671
1674
1675
1685
1687
1691
1694
1695
1696
1699
1708
1714
1727
1736
1741
1744
1747
1748
1752
1753
1756
1759
176
1765
1766
1769
178
1816
1818
1819
1820
1821
1825
1826
1827
1828
1830
1831
1834
1837
1838
1843
1845
1853
1856
1857
1861
1864
1865
1869
1876
1877
1879
1880
1881
1882
1883
1884
1885
1887
1889
1891
1895
1896
19
1903
1904
1915
1917
1918
1924
1925
1929
1932
1933
1934
1942
1945
1946
1947
1955
1964
1965
1966
1968
1970
1971
1972
1976
1983
1984
1986
1989
1990
1994
1996
1998
1999
2
2001
201
2012
2017
2020
2021
2022
2025
2029
2034
2037
2039
2047
2053
2054
2055
2056
2059
2063
2066
2069
207
2070
2071
2079
2090
2092
2093
2094
2096
2097
2099
21
2100
2101
2103
2105
2106
2111
2116
212
2121
2122
2135
2140
2148
2151
2164
2168
2172
2175
2180
2182
2192
2196
2207
2211
2217
2218
2235
2239
224
2250
2251
2253
2261
2265
2268
2269
2273
2278
2281
229
2295
230
2301
2306
2312
2313
232
2322
2323
2329
233
2338
235
2350
2360
2367
2369
237
2371
2372
2373
2377
2378
2382
2389
239
2402
2409
241
2415
2417
2425
2426
2435
2437
2450
2451
2460
2463
2468
2470
2477
2478
2480
2495
25
2505
2518
252
2529
253
2530
2532
2535
2539
2542
2544
2551
2552
2556
2559
2562
2564
2565
257
2572
2574
2582
2591
2592
2597
260
2604
2613
2614
2616
2618
2628
2634
264
2641
2643
2647
2649
2655
2656
2659
2664
2666
2669
267
2674
2676
2679
2685
269
2696
2701
2702
2705
2708
2711
2713
2715
2716
2723
2738
2739
2740
2746
2748
2752
2763
2765
2766
2769
2770
2780
2785
2790
2794
2798
2801
2802
2804
2813
2819
2821
2823
2833
2841
2842
2845
2849
2852
2855
2860
2861
2868
2869
2875
2878
2895
2897
2898
2909
2919
2928
2931
2945
2946
2948
2950
2952
2958
2967
2969
2970
2984
2994
2997
2998
30
3002
3006
3008
3009
3010
3011
3012
3013
3015
3016
3017
3018
3019
3021
3023
3033
3043
3044
3045
305
3052
3055
3057
3061
3062
3068
3070
3071
3074
3079
3080
3088
3091
3096
3097
3100
3107
3109
3115
3121
3124
3136
3173
3181
3182
3184
3196
3205
3212
3225
3226
3231
3239
3245
3248
3252
3253
3256
3259
3265
3270
3272
3279
3292
3297
3315
3316
3319
3328
3331
3335
3336
3345
3349
3357
3428
3437
3438
3451
3458
3462
3463
3478
3484
3487
3501
3502
3504
3514
3527
3531
3533
3535
3536
3537
3551
3557
3558
3564
3565
3582
3588
3594
3600
3601
3604
3605
3613
3615
3628
3650
3651
3660
3667
3676
3689
3694
3697
3698
3709
3717
3734
3742
3749
3761
3779
3780
3786
3797
3802
3807
3812
3821
3833
3835
3840
3847
3849
3862
3866
3881
3895
3906
3911
3920
3926
3933
3940
3944
3952
3954
3962
3970
3979
3991
3992
4008
4020
4036
4037
4042
4043
4048
4076
4084
4126
4128
4130
4146
4157
4179
4192
4206
4207
4214
4237
4239
4258
4263
4300
4307
4308
4321
4328
4359
4368
4380
4392
4401
4402
4409
4416
4417
4432
4433
4434
4458
4506
4509
4513
4523
4558
4566
4571
4573
4576
4577
4579
4582
4584
4587
4603
4669
4681
4682
4685
47
4712
4719
4756
4773
4776
4786
4789
4804
4808
4811
4812
4816
4818
4835
4866
4876
4890
4895
4921
4922
4925
4931
4937
4948
4953
4970
4978
4979
4987
4988
4994
4997
5013
5018
5033
5034
5043
5049
5068
5069
5076
5078
5084
5088
5089
5104
5112
5113
5115
5118
5139
5141
5143
5158
5166
5171
5179
5180
5184
5188
5189
5196
5198
5205
5213
5243
5251
5252
5253
5257
5266
5269
5283
5295
5297
5306
5307
5323
5336
5337
5347
5357
5373
5399
5402
5406
5415
5427
5431
5437
5442
5459
5471
5479
5483
5500
5506
5509
5516
5520
5533
5555
5558
5575
5585
5587
5595
5605
5612
5618
5620
5636
5637
5639
5642
5643
5653
5661
5666
5670
5671
5678
5681
5683
5684
5686
5692
5693
5694
5695
57
5710
5714
5717
5720
5739
5776
5778
5779
5782
5783
5785
5792
5796
5797
5801
5809
5811
5813
5817
5819
5838
5847
5852
5855
5857
5858
5859
5863
5871
5875
5881
5919
5933
5935
5936
5950
5993
5995
5996
5997
5998
60
6004
6006
6014
6015
6020
6036
6037
6038
6046
6052
6061
6063
6067
6069
61
6105
6134
6138
6144
6154
6164
6178
6182
6188
6189
6194
6202
6211
6220
6224
6235
6248
6252
6255
6258
6268
6285
6287
6295
6297
6305
6307
6312
6316
6321
6326
6360
6374
6383
6388
6390
6400
6402
6408
6425
6437
6442
6450
6454
6455
6458
6462
6465
6474
6475
6486
6488
6498
6505
6506
6508
6509
6517
6518
6521
6528
6553
6576
6584
6637
6641
6652
6655
6660
6661
6664
6665
6666
6678
6689
6698
6702
6708
6721
6726
6736
6741
6749
6752
6759
6775
6781
6789
6797
6823
6830
6836
6845
6846
6849
6861
6867
6877
6890
6891
6892
6904
6906
6908
6912
6923
6929
6930
6947
6965
6966
6968
6970
6976
6977
6983
6988
6995
6998
7
7008
7016
7022
7028
7032
7043
7058
7092
7101
7103
7104
7136
7145
7147
7155
7171
7174
7178
7187
7193
7195
7197
7202
7212
7213
7214
7216
7220
7224
7238
7240
7241
7252
7253
7257
7279
7285
7292
7293
7294
73
7311
7312
7335
7340
7343
7370
7377
7401
7404
7405
7419
7428
7430
7438
7439
7440
7447
7457
7463
7488
7507
7508
7527
7543
7551
7552
7555
7599
7601
7602
7608
7610
7637
7638
7641
7643
7676
7683
7690
7691
7699
7700
7703
7709
7711
7712
7715
7721
7722
7729
7734
7742
7743
7745
7746
7747
7749
7750
7761
7766
7770
7771
7775
7782
7791
7794
7798
7802
7803
7816
7819
7822
7823
7836
7846
7847
7850
7863
7879
7889
7912
7913
7916
7934
7941
7965
7974
7983
7999
8009
8012
8014
8015
8017
8022
8027
8028
8033
8035
8036
8048
8058
8071
8073
8076
8077
8086
8093
8111
8112
8149
8157
8160
8161
8165
8166
8168
8179
8194
82
8204
8214
8230
8232
8253
8265
8267
8275
8278
8281
8285
8286
8291
8301
8302
8313
833
8334
8336
8345
8356
8359
8360
8362
8364
837
8398
8405
8406
8424
8430
8435
8451
8452
8458
8459
8464
8470
8473
8480
8489
8494
8510
8518
8519
8529
8542
8544
8548
8555
8583
859
8590
8600
8605
8613
8624
8625
864
8644
8650
8652
8655
8659
8660
8666
8667
8676
8683
8691
8693
8702
8719
8723
8727
8738
8741
8748
8760
8761
8772
8784
8796
8817
8851
8852
8853
8863
8869
8870
8871
8879
8884
8886
8898
8903
8918
8932
8933
8940
8961
8976
8986
8994
9003
9017
9032
9034
9039
9045
9063
9065
9079
9085
9086
9091
9095
9103
9109
9116
9122
9126
9128
9129
9139
9145
9149
9152
9154
9160
9167
9179
9200
9230
9233
9235
9240
9248
9261
9262
9267
9287
9295
9298
9323
9332
9334
9348
9351
9355
9359
9361
9380
9385
9401
9409
9420
9442
9443
9446
9447
9448
9451
9456
9462
9475
9478
9483
9493
9501
9503
9509
9511
9551
9562
9567
9598
9601
9619
9630
9647
9658
9675
9676
9678
9682
9687
9705
9713
9752
9761
9762
9798
9804
9808
9809
9821
9838
9845
9847
9854
9855
9857
9873
9876
9885
9899
9913
9915
9925
9929
9941
9942
9944
9951
9955
9966
9968
9974
9977
9978
9989
9990
