2382
2802
2836
2855
2857
3011
3045
3068
3074
3091
3109
3134
3243
3359
3373
3428
3859
4808
5214
5216
5222
5260
5307
5323
5331
5402
5442
5443
5444
5509
5666
5727
5822
5875
5901
5950
6038
6132
6202
6228
6295
6297
6462
6465
6498
6558
6562
6653
6749
6811
6823
6853
6949
6962
6965
6987
7091
7113
7116
7126
7217
7244
7417
7435
7496
7524
7541
7544
7545
7546
7547
7549
7573
7574
7610
7643
7644
7645
7646
7647
7648
7654
7656
7658
7659
7660
7661
7662
7663
7679
7684
7703
7711
7758
7769
7770
7774
7778
7800
7801
7828
7829
7866
7875
7933
7949
7950
7951
7952
7954
7960
8009
8031
8080
8093
8214
8291
8293
8294
8296
8340
837
8399
8400
8401
8402
8403
8411
8415
8416
8418
8419
8421
8423
8424
8425
8427
8428
8429
8431
8434
8436
8437
8438
8441
8450
8482
8518
8548
8587
8721
8831
8849
8885
8921
9020
9067
9071
9151
9168
9231
9242
9253
9276
9285
9290
9298
9355
9449
9730
9761
9770
9809
9841
9844
9849
9869
9920
9927
9970
9979
9980
9981
9983
9984
